1063
1064
1065
1066
1067
1068
1069
1070
1071
1072
1073
1074
1075
1076
1077
1078
1079
1080
1081
1082
1083
1084
1085
1086
1087
1088
1089
1090
1091
1092
1093
1094
1095
1096
1097
1098
1099
1100
1101
1102
1103
1104
1105
1106
1107
1108
1109
1110
1111
1112
1113
1114
1115
1116
1117
1118
1119
1120
1121
1122
1123
1124
1125
1126
1127
1128
1129
1130
1131
1132
1133
1134
1135
1136
1137
1138
1139
1140
1141
1142
1143
1144
1145
1146
1147
1148
1149
1150
1151
1152
1153
1154
1155
1156
1157
1158
1159
1160
1161
1162
1163
1164
1165
1166
1167
1168
1169
1170
1171
1172
1173
1174
1175
1176
1177
1178
1179
1180
1181
1182
1183
1184
1185
1186
1187
1188
1189
1190
1191
1192
1193
1194
1195
1196
1197
1198
1199
1200
1201
1202
1203
1204
1205
1206
1207
1208
1209
1210
1211
1212
1213
1214
1215
1216
1217
1218
1219
1220
1221
1222
1223
1224
1225
1226
0
1227
1
1228
2
1229
3
1230
4
1231
5
1232
6
1233
7
1234
8
1235
9
1236
10
1237
11
1238
12
1239
13
1240
14
1241
15
1242
16
1243
17
1244
18
1245
19
1246
20
1247
21
1248
22
1249
23
1250
24
1251
25
1252
26
1253
27
1254
28
1255
29
1256
30
1257
31
1258
32
1259
33
1260
34
1261
35
1262
36
1263
37
1264
38
1265
39
1266
40
1267
41
1268
42
1269
43
1270
44
1271
45
1272
46
1273
47
1274
48
1275
49
1276
50
1277
51
1278
52
1279
53
1280
54
1281
55
1282
56
1283
57
1284
58
1285
59
1286
60
1287
61
1288
62
1289
63
1290
64
1291
65
1292
66
1293
67
1294
68
1295
69
1296
70
1297
71
1298
72
1299
73
1300
74
1301
75
1302
76
1303
77
1304
78
1305
79
1306
80
1307
81
1308
82
1309
83
1310
84
1311
85
1312
86
1313
87
1314
88
1315
89
1316
90
1317
91
1318
92
1319
93
1320
94
1321
95
1322
96
1323
97
1324
98
1325
99
1326
100
1327
101
1328
102
1329
103
1330
104
